2.500000	,	-0.061149	
	2.500000	,	-0.042458	
	2.500000	,	-0.030212	
	2.500000	,	-0.037302	
	2.500000	,	-0.028600	
	2.498000	,	-0.029567	
	2.498000	,	-0.027956	
	2.498000	,	-0.028600	
	2.498000	,	-0.044714	
	2.496000	,	-0.017966	
	2.496000	,	-0.034079	
	2.496000	,	-0.025700	
	2.496000	,	-0.025056	
	2.494000	,	-0.020866	
	2.494000	,	-0.040202	
	2.494000	,	0.030051	
	2.494000	,	0.021350	
	2.492000	,	-0.052126	
	2.492000	,	-0.011521	
	2.492000	,	-0.011521	
	2.492000	,	-0.028600	
	2.490000	,	0.005882	
	2.490000	,	-0.033757	
	2.490000	,	0.025862	
	2.490000	,	-0.036012	
	2.488000	,	-0.069205	
	2.488000	,	-0.032145	
	2.488000	,	-0.029889	
	2.488000	,	-0.014421	
	2.486000	,	-0.029889	
	2.486000	,	-0.050837	
	2.486000	,	-0.047292	
	2.486000	,	-0.082740	
	2.484000	,	-0.094342	
	2.484000	,	-0.008620	
	2.484000	,	-0.012810	
	2.484000	,	-0.056637	
	2.482000	,	0.052932	
	2.482000	,	-0.029245	
	2.482000	,	-0.051481	
	2.482000	,	-0.068883	
	2.480000	,	-0.041491	
	2.480000	,	0.020061	
	2.480000	,	0.015227	
	2.480000	,	0.231787	
	2.478000	,	0.017483	
	2.478000	,	0.005882	
	2.478000	,	-0.094020	
	2.478000	,	-0.024411	
	2.476000	,	0.039075	
	2.476000	,	-0.020866	
	2.476000	,	-0.063405	
	2.476000	,	-0.026989	
	2.474000	,	-0.061471	
	2.474000	,	-0.020866	
	2.474000	,	0.032952	
	2.474000	,	-0.019577	
	2.472000	,	0.020383	
	2.472000	,	-0.042135	
	2.472000	,	-0.016032	
	2.472000	,	-0.086285	
	2.470000	,	-0.000564	
	2.470000	,	-0.224858	
	2.470000	,	-0.007009	
	2.470000	,	-0.029889	
	2.468000	,	-0.101109	
	2.468000	,	-0.056959	
	2.468000	,	-0.097887	
	2.468000	,	-0.010876	
	2.466000	,	0.006526	
	2.466000	,	-0.005075	
	2.466000	,	-0.042780	
	2.466000	,	0.006526	
	2.464000	,	-0.058893	
	2.464000	,	0.127052	
	2.464000	,	0.017805	
	2.464000	,	-0.005398	
	2.462000	,	-0.011198	
	2.462000	,	-0.056959	
	2.462000	,	-0.037946	
	2.462000	,	-0.088541	
	2.460000	,	-0.023122	
	2.460000	,	-0.049225	
	2.460000	,	-0.044069	
	2.460000	,	-0.024089	
	2.458000	,	0.003948	
	2.458000	,	0.017161	
	2.458000	,	-0.055348	
	2.458000	,	-0.232914	
	2.456000	,	-0.021511	
	2.456000	,	-0.026667	
	2.456000	,	-0.002819	
	2.456000	,	-0.015065	
	2.454000	,	-0.025056	
	2.454000	,	-0.018610	
	2.454000	,	-0.009587	
	2.454000	,	0.030696	
	2.452000	,	-0.026022	
	2.452000	,	0.017483	
	2.452000	,	-0.001853	
	2.452000	,	0.001692	
	2.450000	,	0.026506	
	2.450000	,	-0.028278	
	2.450000	,	-0.005398	
	2.450000	,	-0.027311	
	2.448000	,	-0.046969	
	2.448000	,	0.064856	
	2.448000	,	-0.020866	
	2.448000	,	-0.022155	
	2.446000	,	0.046487	
	2.446000	,	-0.096920	
	2.446000	,	-0.022155	
	2.446000	,	-0.026345	
	2.444000	,	-0.114644	
	2.444000	,	-0.015710	
	2.444000	,	-0.017966	
	2.444000	,	-0.027956	
	2.442000	,	-0.035368	
	2.442000	,	-0.033112	
	2.442000	,	-0.007653	
	2.442000	,	-0.072428	
	2.440000	,	-0.013454	
	2.440000	,	0.008782	
	2.440000	,	0.023284	
	2.440000	,	-0.021511	
	2.438000	,	-0.035368	
	2.438000	,	0.031985	
	2.438000	,	-0.000886	
	2.438000	,	-0.022155	
	2.436000	,	-0.008298	
	2.436000	,	-0.142037	
	2.436000	,	-0.023122	
	2.436000	,	-0.057926	
	2.434000	,	-0.011521	
	2.434000	,	0.016838	
	2.434000	,	-0.010232	
	2.434000	,	0.032952	
	2.432000	,	0.034885	
	2.432000	,	-0.050192	
	2.432000	,	-0.017966	
	2.432000	,	-0.015388	
	2.430000	,	-0.048581	
	2.430000	,	-0.041169	
	2.430000	,	0.136075	
	2.430000	,	-0.048903	
	2.428000	,	-0.051159	
	2.428000	,	-0.050192	
	2.428000	,	-0.004109	
	2.428000	,	0.038752	
	2.426000	,	-0.035046	
	2.426000	,	0.001692	
	2.426000	,	-0.005075	
	2.426000	,	-0.030534	
	2.424000	,	-0.019255	
	2.424000	,	0.011682	
	2.424000	,	0.021672	
	2.424000	,	0.033274	
	2.422000	,	-0.013776	
	2.422000	,	0.004915	
	2.422000	,	0.190860	
	2.422000	,	-0.010554	
	2.420000	,	-0.034723	
	2.420000	,	0.128986	
	2.420000	,	0.047131	
	2.420000	,	-0.007331	
	2.418000	,	-0.019255	
	2.418000	,	0.004270	
	2.418000	,	-0.181030	
	2.418000	,	-0.036335	
	2.416000	,	0.047131	
	2.416000	,	0.003948	
	2.416000	,	0.051321	
	2.416000	,	-0.005720	
	2.414000	,	-0.046325	
	2.414000	,	-0.005720	
	2.414000	,	0.014260	
	2.414000	,	-0.007976	
	2.412000	,	0.034885	
	2.412000	,	0.013616	
	2.412000	,	-0.039235	
	2.412000	,	0.076135	
	2.410000	,	0.000725	
	2.410000	,	-0.046003	
	2.410000	,	0.014583	
	2.410000	,	-0.198432	
	2.408000	,	-0.005720	
	2.408000	,	-0.087252	
	2.408000	,	0.021028	
	2.408000	,	0.008782	
	2.406000	,	-0.004753	
	2.406000	,	0.015549	
	2.406000	,	-0.012810	
	2.406000	,	0.071301	
	2.404000	,	-0.002175	
	2.404000	,	0.085158	
	2.404000	,	-0.015710	
	2.404000	,	-0.029567	
	2.402000	,	-0.093053	
	2.402000	,	-0.028278	
	2.402000	,	-0.026345	
	2.402000	,	-0.013132	
	2.400000	,	0.028118	
	2.400000	,	0.011038	
	2.400000	,	-0.029889	
	2.400000	,	-0.004753	
	2.398000	,	-0.026667	
	2.398000	,	0.059055	
	2.398000	,	-0.003142	
	2.398000	,	-0.021833	
	2.396000	,	0.086769	
	2.396000	,	0.002981	
	2.396000	,	-0.033434	
	2.396000	,	0.034563	
	2.394000	,	-0.007009	
	2.394000	,	-0.002175	
	2.394000	,	-0.016677	
	2.394000	,	0.009749	
	2.392000	,	-0.240004	
	2.392000	,	-0.042135	
	2.392000	,	0.157345	
	2.392000	,	-0.007009	
	2.390000	,	-0.041813	
	2.390000	,	-0.006364	
	2.390000	,	0.038430	
	2.390000	,	0.036174	
	2.388000	,	-0.002819	
	2.388000	,	0.057766	
	2.388000	,	-0.135914	
	2.388000	,	0.015872	
	2.386000	,	-0.012810	
	2.386000	,	0.006526	
	2.386000	,	0.097082	
	2.386000	,	0.012327	
	2.384000	,	-0.008620	
	2.384000	,	0.078391	
	2.384000	,	0.024895	
	2.384000	,	-0.022800	
	2.382000	,	0.029407	
	2.382000	,	0.039397	
	2.382000	,	0.005559	
	2.382000	,	0.038430	
	2.380000	,	0.041975	
	2.380000	,	0.087092	
	2.380000	,	0.029084	
	2.380000	,	0.198594	
	2.378000	,	0.056477	
	2.378000	,	0.051321	
	2.378000	,	0.039719	
	2.378000	,	0.038108	
	2.376000	,	0.092892	
	2.376000	,	0.080324	
	2.376000	,	0.064856	
	2.376000	,	0.080324	
	2.374000	,	0.046164	
	2.374000	,	0.072590	
	2.374000	,	0.248867	
	2.374000	,	0.080324	
	2.372000	,	0.089025	
	2.372000	,	0.086125	
	2.372000	,	0.011038	
	2.372000	,	0.084191	
	2.370000	,	0.130275	
	2.370000	,	0.095793	
	2.370000	,	0.114162	
	2.370000	,	0.403553	
	2.368000	,	0.179903	
	2.368000	,	0.139298	
	2.368000	,	0.109972	
	2.368000	,	0.108361	
	2.366000	,	0.206006	
	2.366000	,	0.198272	
	2.366000	,	0.190216	
	2.366000	,	0.312353	
	2.364000	,	0.247256	
	2.364000	,	0.317831	
	2.364000	,	0.256279	
	2.364000	,	0.290439	
	2.362000	,	0.260469	
	2.362000	,	0.386796	
	2.362000	,	0.372616	
	2.362000	,	0.340390	
	2.360000	,	0.442225	
	2.360000	,	0.504099	
	2.360000	,	0.612057	
	2.360000	,	0.576286	
	2.358000	,	0.649118	
	2.358000	,	0.749664	
	2.358000	,	0.872124	
	2.358000	,	1.027133	
	2.356000	,	1.086107	
	2.356000	,	1.339407	
	2.356000	,	1.560481	
	2.356000	,	1.791868	
	2.354000	,	2.084163	
	2.354000	,	2.451226	
	2.354000	,	2.696472	
	2.354000	,	2.967823	
	2.352000	,	3.403854	
	2.352000	,	3.483455	
	2.352000	,	3.683586	
	2.352000	,	3.853423	
	2.350000	,	3.906921	
	2.350000	,	3.785746	
	2.350000	,	3.664250	
	2.350000	,	3.385485	
	2.348000	,	3.034532	
	2.348000	,	2.769627	
	2.348000	,	2.228861	
	2.348000	,	1.788323	
	2.346000	,	1.267542	
	2.346000	,	0.806060	
	2.346000	,	0.217286	
	2.346000	,	-0.205200	
	2.344000	,	-0.700193	
	2.344000	,	-1.122354	
	2.344000	,	-1.435591	
	2.344000	,	-1.673419	
	2.342000	,	-1.919947	
	2.342000	,	-2.064642	
	2.342000	,	-2.186134	
	2.342000	,	-2.273144	
	2.340000	,	-2.374011	
	2.340000	,	-2.351130	
	2.340000	,	-2.291190	
	2.340000	,	-2.200958	
	2.338000	,	-2.244140	
	2.338000	,	-2.079144	
	2.338000	,	-1.981499	
	2.338000	,	-1.872253	
	2.336000	,	-1.688887	
	2.336000	,	-1.553861	
	2.336000	,	-1.370495	
	2.336000	,	-1.196152	
	2.334000	,	-1.009886	
	2.334000	,	-0.907084	
	2.334000	,	-0.992806	
	2.334000	,	-0.613827	
	2.332000	,	-0.570000	
	2.332000	,	-0.500391	
	2.332000	,	-0.386955	
	2.332000	,	-0.393401	
	2.330000	,	-0.362463	
	2.330000	,	-0.367297	
	2.330000	,	-0.308968	
	2.330000	,	-0.355696	
	2.328000	,	-0.373098	
	2.328000	,	-0.451085	
	2.328000	,	-0.414348	
	2.328000	,	-0.484278	
	2.326000	,	-0.543897	
	2.326000	,	-0.618017	
	2.326000	,	-0.796549	
	2.326000	,	-0.734353	
	2.324000	,	-0.853589	
	2.324000	,	-0.956068	
	2.324000	,	-1.034377	
	2.324000	,	-1.106241	
	2.322000	,	-1.120421	
	2.322000	,	-1.287029	
	2.322000	,	-1.327956	
	2.322000	,	-1.224511	
	2.320000	,	-1.370172	
	2.320000	,	-1.459116	
	2.320000	,	-1.350192	
	2.320000	,	-1.279295	
	2.318000	,	-1.147168	
	2.318000	,	-1.155547	
	2.318000	,	-1.028577	
	2.318000	,	-0.915785	
	2.316000	,	-0.833609	
	2.316000	,	-0.753688	
	2.316000	,	-0.846499	
	2.316000	,	-0.653143	
	2.314000	,	-0.536485	
	2.314000	,	-0.516827	
	2.314000	,	-0.467521	
	2.314000	,	-0.410158	
	2.312000	,	-0.423049	
	2.312000	,	-0.297689	
	2.312000	,	-0.261273	
	2.312000	,	-0.278998	
	2.310000	,	-0.288021	
	2.310000	,	-0.248061	
	2.310000	,	-0.208422	
	2.310000	,	-0.261596	
	2.308000	,	-0.206167	
	2.308000	,	-0.195532	
	2.308000	,	-0.219057	
	2.308000	,	-0.095631	
	2.306000	,	-0.110455	
	2.306000	,	-0.068883	
	2.306000	,	-0.074362	
	2.306000	,	-0.025700	
	2.304000	,	-0.047614	
	2.304000	,	-0.079840	
	2.304000	,	-0.036012	
	2.304000	,	-0.012165	
	2.302000	,	-0.054704	
	2.302000	,	-0.046003	
	2.302000	,	-0.068561	
	2.302000	,	-0.061149	
	2.300000	,	-0.042135	
	2.300000	,	-0.045358	
	2.300000	,	-0.028923	
	2.300000	,	-0.082418	
	2.298000	,	-0.029889	
	2.298000	,	-0.090797	
	2.298000	,	-0.029889	
	2.298000	,	-0.055993	
	2.296000	,	0.041653	
	2.296000	,	-0.017644	
	2.296000	,	-0.063405	
	2.296000	,	-0.164595	
	2.294000	,	-0.071784	
	2.294000	,	-0.081774	
	2.294000	,	-0.072750	
	2.294000	,	-0.068561	
	2.292000	,	-0.112066	
	2.292000	,	-0.150093	
	2.292000	,	-0.106910	
	2.292000	,	-0.167818	
	2.290000	,	-0.117867	
	2.290000	,	-0.117222	
	2.290000	,	-0.157827	
	2.290000	,	-0.141392	
	2.288000	,	-0.156861	
	2.288000	,	-0.173618	
	2.288000	,	-0.155572	
	2.288000	,	-0.288021	
	2.286000	,	-0.239682	
	2.286000	,	-0.221313	
	2.286000	,	-0.244516	
	2.286000	,	-0.314124	
	2.284000	,	-0.233237	
	2.284000	,	-0.277064	
	2.284000	,	-0.224213	
	2.284000	,	-0.243227	
	2.282000	,	-0.300267	
	2.282000	,	-0.261273	
	2.282000	,	-0.161372	
	2.282000	,	-0.248383	
	2.280000	,	-0.188120	
	2.280000	,	-0.196177	
	2.280000	,	-0.137847	
	2.280000	,	-0.123990	
	2.278000	,	-0.225502	
	2.278000	,	-0.158150	
	2.278000	,	-0.140103	
	2.278000	,	-0.157183	
	2.276000	,	-0.112066	
	2.276000	,	-0.103043	
	2.276000	,	-0.148160	
	2.276000	,	-0.104010	
	2.274000	,	-0.143970	
	2.274000	,	-0.120123	
	2.274000	,	-0.080162	
	2.274000	,	-0.006687	
	2.272000	,	-0.061149	
	2.272000	,	-0.087574	
	2.272000	,	-0.026345	
	2.272000	,	-0.034723	
	2.270000	,	-0.072106	
	2.270000	,	0.002659	
	2.270000	,	-0.035046	
	2.270000	,	-0.069528	
	2.268000	,	-0.013454	
	2.268000	,	-0.014421	
	2.268000	,	0.001370	
	2.268000	,	-0.040202	
	2.266000	,	0.039075	
	2.266000	,	0.056799	
	2.266000	,	-0.007976	
	2.266000	,	0.147355	
	2.264000	,	-0.003464	
	2.264000	,	-0.027311	
	2.264000	,	0.027795	
	2.264000	,	-0.086285	
	2.262000	,	-0.023444	
	2.262000	,	-0.054381	
	2.262000	,	-0.005398	
	2.262000	,	-0.024089	
	2.260000	,	-0.011198	
	2.260000	,	-0.017321	
	2.260000	,	-0.175230	
	2.260000	,	-0.037946	
	2.258000	,	0.005237	
	2.258000	,	-0.050514	
	2.258000	,	-0.006364	
	2.258000	,	0.016194	
	2.256000	,	-0.001530	
	2.256000	,	0.000403	
	2.256000	,	0.011682	
	2.256000	,	-0.021511	
	2.254000	,	0.055188	
	2.254000	,	-0.022800	
	2.254000	,	-0.006687	
	2.254000	,	0.002014	
	2.252000	,	-0.038268	
	2.252000	,	-0.012165	
	2.252000	,	0.008137	
	2.252000	,	-0.036012	
	2.250000	,	-0.006042	
	2.250000	,	-0.025056	
	2.250000	,	-0.058893	
	2.250000	,	-0.046003	
	2.248000	,	-0.063405	
	2.248000	,	-0.031501	
	2.248000	,	0.004593	
	2.248000	,	0.048742	
	2.246000	,	-0.046647	
	2.246000	,	-0.032145	
	2.246000	,	0.018772	
	2.246000	,	-0.051159	
	2.244000	,	-0.075973	
	2.244000	,	-0.053415	
	2.244000	,	-0.053737	
	2.244000	,	-0.000564	
	2.242000	,	-0.050192	
	2.242000	,	-0.010554	
	2.242000	,	-0.207456	
	2.242000	,	-0.070494	
	2.240000	,	-0.026989	
	2.240000	,	0.141554	
	2.240000	,	-0.044069	
	2.240000	,	0.012327	
	2.238000	,	0.031663	
	2.238000	,	-0.010232	
	2.238000	,	0.011682	
	2.238000	,	0.051643	
	2.236000	,	-0.044714	
	2.236000	,	-0.012487	
	2.236000	,	0.006204	
	2.236000	,	-0.026022	
	2.234000	,	-0.005398	
	2.234000	,	-0.000886	
	2.234000	,	0.033274	
	2.234000	,	0.042619	
	2.232000	,	-0.025700	
	2.232000	,	-0.035046	
	2.232000	,	-0.034723	

