2.900000	,	-0.028278	
	2.900000	,	-0.045358	
	2.900000	,	-0.031501	
	2.900000	,	-0.029245	
	2.900000	,	-0.025378	
	2.898000	,	0.021350	
	2.898000	,	-0.102398	
	2.898000	,	-0.017966	
	2.898000	,	-0.118834	
	2.896000	,	-0.067594	
	2.896000	,	-0.046003	
	2.896000	,	-0.057282	
	2.896000	,	-0.030212	
	2.894000	,	-0.083063	
	2.894000	,	-0.048903	
	2.894000	,	-0.013454	
	2.894000	,	-0.094020	
	2.892000	,	0.014583	
	2.892000	,	-0.067272	
	2.892000	,	0.033274	
	2.892000	,	-0.029245	
	2.890000	,	-0.037624	
	2.890000	,	0.007815	
	2.890000	,	0.053899	
	2.890000	,	0.092248	
	2.888000	,	-0.036335	
	2.888000	,	-0.026989	
	2.888000	,	-0.055348	
	2.888000	,	-0.025700	
	2.886000	,	-0.007976	
	2.886000	,	-0.044391	
	2.886000	,	-0.069850	
	2.886000	,	-0.005720	
	2.884000	,	-0.187798	
	2.884000	,	-0.000564	
	2.884000	,	-0.010232	
	2.884000	,	-0.018610	
	2.882000	,	-0.021511	
	2.882000	,	0.069367	
	2.882000	,	0.040686	
	2.882000	,	-0.040202	
	2.880000	,	-0.089186	
	2.880000	,	-0.067272	
	2.880000	,	-0.017321	
	2.880000	,	0.012327	
	2.878000	,	0.013294	
	2.878000	,	-0.036657	
	2.878000	,	-0.026667	
	2.878000	,	-0.038913	
	2.876000	,	-0.045680	
	2.876000	,	-0.027634	
	2.876000	,	-0.063405	
	2.876000	,	-0.011198	
	2.874000	,	-0.142681	
	2.874000	,	-0.015710	
	2.874000	,	-0.020866	
	2.874000	,	-0.022155	
	2.872000	,	-0.039557	
	2.872000	,	-0.043102	
	2.872000	,	0.012971	
	2.872000	,	-0.040524	
	2.870000	,	-0.012165	
	2.870000	,	-0.127535	
	2.870000	,	-0.145259	
	2.870000	,	-0.068239	
	2.868000	,	-0.009909	
	2.868000	,	0.010716	
	2.868000	,	-0.007331	
	2.868000	,	-0.018610	
	2.866000	,	-0.048903	
	2.866000	,	-0.048903	
	2.866000	,	-0.027956	
	2.866000	,	-0.041169	
	2.864000	,	-0.044391	
	2.864000	,	-0.027311	
	2.864000	,	-0.097887	
	2.864000	,	-0.019255	
	2.862000	,	-0.042458	
	2.862000	,	0.012971	
	2.862000	,	-0.031823	
	2.862000	,	0.043586	
	2.860000	,	-0.044714	
	2.860000	,	-0.003464	
	2.860000	,	0.031018	
	2.860000	,	-0.015065	
	2.858000	,	-0.025378	
	2.858000	,	-0.045680	
	2.858000	,	-0.018610	
	2.858000	,	-0.016354	
	2.856000	,	0.008137	
	2.856000	,	-0.030856	
	2.856000	,	0.017483	
	2.856000	,	0.017483	
	2.854000	,	0.063244	
	2.854000	,	0.091926	
	2.854000	,	0.192471	
	2.854000	,	0.358437	
	2.852000	,	0.294629	
	2.852000	,	0.412577	
	2.852000	,	0.443514	
	2.852000	,	0.540515	
	2.850000	,	0.700680	
	2.850000	,	0.857944	
	2.850000	,	1.157972	
	2.850000	,	1.289134	
	2.848000	,	1.496672	
	2.848000	,	1.796702	
	2.848000	,	1.983938	
	2.848000	,	2.267533	
	2.846000	,	2.551773	
	2.846000	,	2.781551	
	2.846000	,	2.889189	
	2.846000	,	3.061281	
	2.844000	,	3.188900	
	2.844000	,	3.193411	
	2.844000	,	3.189222	
	2.844000	,	3.212748	
	2.842000	,	2.867919	
	2.842000	,	2.700984	
	2.842000	,	2.459927	
	2.842000	,	2.195345	
	2.840000	,	1.930442	
	2.840000	,	1.632991	
	2.840000	,	1.328128	
	2.840000	,	1.058070	
	2.838000	,	0.812827	
	2.838000	,	0.516668	
	2.838000	,	0.214063	
	2.838000	,	0.111906	
	2.836000	,	-0.112389	
	2.836000	,	-0.221313	
	2.836000	,	-0.376965	
	2.836000	,	-0.470099	
	2.834000	,	-0.593525	
	2.834000	,	-0.706961	
	2.834000	,	-0.743376	
	2.834000	,	-0.795260	
	2.832000	,	-0.862290	
	2.832000	,	-0.915463	
	2.832000	,	-0.861001	
	2.832000	,	-0.723718	
	2.830000	,	-0.818785	
	2.830000	,	-0.754977	
	2.830000	,	-0.733386	
	2.830000	,	-0.595458	
	2.828000	,	-0.605448	
	2.828000	,	-0.721140	
	2.828000	,	-0.477833	
	2.828000	,	-0.429494	
	2.826000	,	-0.505870	
	2.826000	,	-0.391789	
	2.826000	,	-0.258051	
	2.826000	,	-0.187475	
	2.824000	,	-0.172974	
	2.824000	,	-0.211645	
	2.824000	,	-0.225180	
	2.824000	,	-0.176841	
	2.822000	,	-0.172651	
	2.822000	,	-0.206489	
	2.822000	,	-0.242582	
	2.822000	,	-0.287699	
	2.820000	,	-0.338616	
	2.820000	,	-0.402102	
	2.820000	,	-0.517149	
	2.820000	,	-0.553564	
	2.818000	,	-0.722751	
	2.818000	,	-0.745954	
	2.818000	,	-0.861001	
	2.818000	,	-0.811373	
	2.816000	,	-1.029543	
	2.816000	,	-1.047268	
	2.816000	,	-1.114620	
	2.816000	,	-1.155547	
	2.814000	,	-1.350837	
	2.814000	,	-1.222577	
	2.814000	,	-1.157481	
	2.814000	,	-1.138467	
	2.812000	,	-1.061769	
	2.812000	,	-1.024065	
	2.812000	,	-0.958646	
	2.812000	,	-0.918686	
	2.810000	,	-0.854556	
	2.810000	,	-0.792037	
	2.810000	,	-0.752399	
	2.810000	,	-0.677957	
	2.808000	,	-0.657655	
	2.808000	,	-0.529717	
	2.808000	,	-0.562910	
	2.808000	,	-0.502969	
	2.806000	,	-0.420793	
	2.806000	,	-0.437873	
	2.806000	,	-0.411769	
	2.806000	,	-0.366008	
	2.804000	,	-0.233237	
	2.804000	,	-0.337972	
	2.804000	,	-0.424015	
	2.804000	,	-0.335716	
	2.802000	,	-0.308001	
	2.802000	,	-0.293822	
	2.802000	,	-0.253217	
	2.802000	,	-0.280931	
	2.800000	,	-0.247416	
	2.800000	,	-0.269974	
	2.800000	,	-0.271908	
	2.800000	,	-0.231948	
	2.798000	,	-0.201977	
	2.798000	,	-0.202944	
	2.798000	,	-0.142359	
	2.798000	,	-0.217768	
	2.796000	,	-0.239682	
	2.796000	,	-0.199077	
	2.796000	,	-0.181997	
	2.796000	,	-0.159116	
	2.794000	,	-0.129468	
	2.794000	,	-0.134947	
	2.794000	,	-0.168140	
	2.794000	,	-0.118834	
	2.792000	,	-0.146548	
	2.792000	,	-0.088863	
	2.792000	,	-0.118834	
	2.792000	,	0.133175	
	2.790000	,	0.009749	
	2.790000	,	-0.028600	
	2.790000	,	-0.014743	
	2.790000	,	-0.032145	
	2.788000	,	-0.005398	
	2.788000	,	-0.027634	
	2.788000	,	-0.002497	
	2.788000	,	-0.050192	
	2.786000	,	-0.028923	
	2.786000	,	-0.055670	
	2.786000	,	0.004270	
	2.786000	,	-0.014099	
	2.784000	,	0.107394	
	2.784000	,	-0.007331	
	2.784000	,	-0.033434	
	2.784000	,	-0.071784	
	2.782000	,	-0.052126	
	2.782000	,	-0.027311	
	2.782000	,	-0.006687	
	2.782000	,	-0.116256	
	2.780000	,	-0.051481	
	2.780000	,	-0.027956	
	2.780000	,	-0.114644	
	2.780000	,	-0.082418	
	2.778000	,	-0.166851	
	2.778000	,	-0.019577	
	2.778000	,	-0.108199	
	2.778000	,	-0.073717	
	2.776000	,	-0.044069	
	2.776000	,	-0.221957	
	2.776000	,	-0.163306	
	2.776000	,	-0.108199	
	2.774000	,	-0.195854	
	2.774000	,	-0.187153	
	2.774000	,	-0.246449	
	2.774000	,	-0.209389	
	2.772000	,	-0.246449	
	2.772000	,	-0.245160	
	2.772000	,	-0.290277	
	2.772000	,	-0.384377	
	2.770000	,	-0.414348	
	2.770000	,	-0.399846	
	2.770000	,	-0.377932	
	2.770000	,	-0.317669	
	2.768000	,	-0.471388	
	2.768000	,	-0.453019	
	2.768000	,	-0.368909	
	2.768000	,	-0.294466	
	2.766000	,	-0.469454	
	2.766000	,	-0.459464	
	2.766000	,	-0.457531	
	2.766000	,	-0.372776	
	2.764000	,	-0.443996	
	2.764000	,	-0.449474	
	2.764000	,	-0.230659	
	2.764000	,	-0.348928	
	2.762000	,	-0.378577	
	2.762000	,	-0.327337	
	2.762000	,	-0.303167	
	2.762000	,	-0.284154	
	2.760000	,	-0.273197	
	2.760000	,	-0.297367	
	2.760000	,	-0.232914	
	2.760000	,	-0.246127	
	2.758000	,	-0.242904	
	2.758000	,	-0.190698	
	2.758000	,	-0.212290	
	2.758000	,	-0.163306	
	2.756000	,	-0.129146	
	2.756000	,	-0.159116	
	2.756000	,	-0.106910	
	2.756000	,	-0.112389	
	2.754000	,	-0.118511	
	2.754000	,	-0.109488	
	2.754000	,	-0.108199	
	2.754000	,	-0.069850	
	2.752000	,	-0.086930	
	2.752000	,	-0.087897	
	2.752000	,	-0.096920	
	2.752000	,	-0.094664	
	2.750000	,	-0.065338	
	2.750000	,	-0.066305	
	2.750000	,	-0.024733	
	2.750000	,	-0.075328	
	2.748000	,	0.053254	
	2.748000	,	-0.132369	
	2.748000	,	-0.064049	
	2.748000	,	-0.112711	
	2.746000	,	-0.039880	
	2.746000	,	-0.060504	
	2.746000	,	-0.012810	
	2.746000	,	-0.076295	
	2.744000	,	-0.044391	
	2.744000	,	-0.050837	
	2.744000	,	-0.080807	
	2.744000	,	-0.070817	
	2.742000	,	-0.034079	
	2.742000	,	0.034563	
	2.742000	,	-0.038591	
	2.742000	,	-0.056959	
	2.740000	,	-0.065661	
	2.740000	,	0.018450	
	2.740000	,	-0.038591	
	2.740000	,	0.041008	
	2.738000	,	-0.046003	
	2.738000	,	-0.051481	
	2.738000	,	-0.008298	
	2.738000	,	-0.036012	
	2.736000	,	-0.003786	
	2.736000	,	-0.034723	
	2.736000	,	0.061311	
	2.736000	,	-0.040846	
	2.734000	,	-0.016999	
	2.734000	,	-0.020544	
	2.734000	,	-0.114322	
	2.734000	,	-0.069528	
	2.732000	,	-0.080807	
	2.732000	,	-0.002497	
	2.732000	,	-0.009587	
	2.732000	,	-0.018288	
	2.730000	,	-0.029567	
	2.730000	,	-0.016032	
	2.730000	,	-0.117222	
	2.730000	,	0.025217	
	2.728000	,	-0.030212	
	2.728000	,	-0.047936	
	2.728000	,	-0.012810	
	2.728000	,	-0.046647	
	2.726000	,	-0.064049	
	2.726000	,	-0.004431	
	2.726000	,	-0.007653	
	2.726000	,	-0.006364	
	2.724000	,	0.015872	
	2.724000	,	-0.068561	
	2.724000	,	-0.035368	
	2.724000	,	-0.014099	
	2.722000	,	-0.060827	
	2.722000	,	0.014260	
	2.722000	,	-0.035046	
	2.722000	,	0.015549	
	2.720000	,	-0.063082	
	2.720000	,	-0.018610	
	2.720000	,	-0.051159	
	2.720000	,	-0.017321	
	2.718000	,	-0.075328	
	2.718000	,	-0.229047	
	2.718000	,	-0.026022	
	2.718000	,	0.017805	
	2.716000	,	-0.048903	
	2.716000	,	-0.036335	
	2.716000	,	-0.031179	
	2.716000	,	-0.039880	
	2.714000	,	-0.017966	
	2.714000	,	-0.030856	
	2.714000	,	-0.018288	
	2.714000	,	-0.010554	
	2.712000	,	-0.035368	
	2.712000	,	-0.014099	
	2.712000	,	0.046164	
	2.712000	,	-0.030534	
	2.710000	,	-0.044069	
	2.710000	,	-0.010876	
	2.710000	,	-0.048903	
	2.710000	,	-0.089186	
	2.708000	,	-0.068561	

