1.500000	,	-0.577412	
	1.500000	,	-0.535840	
	1.500000	,	-0.525205	
	1.500000	,	-0.494591	
	1.500000	,	-0.387922	
	1.498000	,	-0.427883	
	1.498000	,	-0.384700	
	1.498000	,	-0.363753	
	1.498000	,	-0.293500	
	1.496000	,	-0.154283	
	1.496000	,	-0.237748	
	1.496000	,	-0.182964	
	1.496000	,	-0.174585	
	1.494000	,	-0.131724	
	1.494000	,	-0.133658	
	1.494000	,	-0.084674	
	1.494000	,	-0.061149	
	1.492000	,	0.048420	
	1.492000	,	-0.051481	
	1.492000	,	-0.069528	
	1.492000	,	0.078713	
	1.490000	,	-0.093375	
	1.490000	,	-0.014743	
	1.490000	,	0.070012	
	1.490000	,	-0.059215	
	1.488000	,	0.195049	
	1.488000	,	-0.009909	
	1.488000	,	-0.053092	
	1.488000	,	-0.040202	
	1.486000	,	-0.106266	
	1.486000	,	-0.114322	
	1.486000	,	-0.012487	
	1.486000	,	0.040041	
	1.484000	,	-0.052126	
	1.484000	,	-0.032145	
	1.484000	,	-0.050837	
	1.484000	,	-0.047292	
	1.482000	,	-0.056637	
	1.482000	,	-0.058571	
	1.482000	,	-0.092731	
	1.482000	,	-0.014743	
	1.480000	,	-0.090152	
	1.480000	,	0.146066	
	1.480000	,	-0.035690	
	1.480000	,	-0.053092	
	1.478000	,	-0.035368	
	1.478000	,	-0.080807	
	1.478000	,	-0.063082	
	1.478000	,	-0.021188	
	1.476000	,	-0.070817	
	1.476000	,	-0.141714	
	1.476000	,	-0.034401	
	1.476000	,	0.077424	
	1.474000	,	-0.153316	
	1.474000	,	-0.023767	
	1.474000	,	-0.096920	
	1.474000	,	0.015549	
	1.472000	,	-0.040202	
	1.472000	,	-0.059538	
	1.472000	,	-0.085641	
	1.472000	,	-0.072106	
	1.470000	,	0.021672	
	1.470000	,	-0.086608	
	1.470000	,	0.011682	
	1.470000	,	-0.075651	
	1.468000	,	-0.093053	
	1.468000	,	-0.031501	
	1.468000	,	0.047453	
	1.468000	,	-0.039235	
	1.466000	,	-0.080162	
	1.466000	,	-0.026667	
	1.466000	,	-0.065016	
	1.466000	,	0.098049	
	1.464000	,	-0.050837	
	1.464000	,	-0.040524	
	1.464000	,	-0.126246	
	1.464000	,	-0.122379	
	1.462000	,	-0.128824	
	1.462000	,	-0.054381	
	1.462000	,	-0.075973	
	1.462000	,	-0.050837	
	1.460000	,	-0.106910	
	1.460000	,	0.036496	
	1.460000	,	-0.093697	
	1.460000	,	0.029407	
	1.458000	,	-0.095953	
	1.458000	,	-0.032468	
	1.458000	,	-0.111099	
	1.458000	,	-0.061793	
	1.456000	,	-0.102721	
	1.456000	,	-0.058893	
	1.456000	,	-0.087252	
	1.456000	,	-0.119801	
	1.454000	,	-0.125924	
	1.454000	,	-0.072428	
	1.454000	,	-0.089186	
	1.454000	,	-0.133658	
	1.452000	,	-0.156861	
	1.452000	,	-0.083707	
	1.452000	,	-0.109166	
	1.452000	,	-0.054381	
	1.450000	,	-0.184253	
	1.450000	,	-0.153960	
	1.450000	,	-0.145259	
	1.450000	,	-0.153638	
	1.448000	,	-0.173618	
	1.448000	,	-0.189409	
	1.448000	,	-0.151060	
	1.448000	,	-0.190054	
	1.446000	,	-0.212290	
	1.446000	,	-0.172974	
	1.446000	,	-0.203589	
	1.446000	,	-0.176519	
	1.444000	,	-0.239360	
	1.444000	,	-0.183286	
	1.444000	,	-0.097242	
	1.444000	,	-0.130435	
	1.442000	,	-0.122056	
	1.442000	,	-0.073717	
	1.442000	,	0.040364	
	1.442000	,	0.084191	
	1.440000	,	0.215030	
	1.440000	,	0.386796	
	1.440000	,	0.633327	
	1.440000	,	0.931098	
	1.438000	,	1.203089	
	1.438000	,	1.526321	
	1.438000	,	1.756418	
	1.438000	,	2.303627	
	1.436000	,	2.545006	
	1.436000	,	2.824090	
	1.436000	,	3.167308	
	1.436000	,	3.353258	
	1.434000	,	3.590449	
	1.434000	,	3.653937	
	1.434000	,	3.647814	
	1.434000	,	3.628477	
	1.432000	,	3.443171	
	1.432000	,	3.198246	
	1.432000	,	2.901757	
	1.432000	,	2.591090	
	1.430000	,	2.276557	
	1.430000	,	1.894348	
	1.430000	,	1.529543	
	1.430000	,	1.174085	
	1.428000	,	0.839575	
	1.428000	,	0.517634	
	1.428000	,	0.229209	
	1.428000	,	0.003303	
	1.426000	,	-0.112711	
	1.426000	,	-0.251283	
	1.426000	,	-0.338294	
	1.426000	,	-0.390500	
	1.424000	,	-0.427238	
	1.424000	,	-0.433361	
	1.424000	,	-0.439162	
	1.424000	,	-0.418537	
	1.422000	,	-0.416926	
	1.422000	,	-0.365364	
	1.422000	,	-0.375032	
	1.422000	,	-0.331849	
	1.420000	,	-0.323148	
	1.420000	,	-0.319280	
	1.420000	,	-0.330560	
	1.420000	,	-0.366331	
	1.418000	,	-0.392756	
	1.418000	,	-0.482667	
	1.418000	,	-0.518438	
	1.418000	,	-0.647665	
	1.416000	,	-0.723074	
	1.416000	,	-0.809117	
	1.416000	,	-0.946400	
	1.416000	,	-1.022131	
	1.414000	,	-1.145557	
	1.414000	,	-1.195507	
	1.414000	,	-1.263182	
	1.414000	,	-1.305720	
	1.412000	,	-1.342780	
	1.412000	,	-1.348903	
	1.412000	,	-1.312488	
	1.412000	,	-1.312166	
	1.410000	,	-1.248036	
	1.410000	,	-1.200019	
	1.410000	,	-1.093351	
	1.410000	,	-1.043401	
	1.408000	,	-0.911596	
	1.408000	,	-0.824908	
	1.408000	,	-0.775602	
	1.408000	,	-0.628329	
	1.406000	,	-0.553242	
	1.406000	,	-0.492335	
	1.406000	,	-0.399524	
	1.406000	,	-0.279320	
	1.404000	,	-0.282543	
	1.404000	,	-0.262885	
	1.404000	,	-0.214545	
	1.404000	,	-0.227436	
	1.402000	,	-0.172974	
	1.402000	,	-0.179097	
	1.402000	,	-0.177808	
	1.402000	,	-0.207133	
	1.400000	,	-0.159761	
	1.400000	,	-0.165884	
	1.400000	,	-0.227436	
	1.400000	,	-0.149449	
	1.398000	,	-0.195532	
	1.398000	,	-0.270941	
	1.398000	,	-0.251283	
	1.398000	,	-0.262885	
	1.396000	,	-0.288343	
	1.396000	,	-0.331526	
	1.396000	,	-0.361497	
	1.396000	,	-0.381477	
	1.394000	,	-0.450763	
	1.394000	,	-0.479122	
	1.394000	,	-0.489434	
	1.394000	,	-0.511670	
	1.392000	,	-0.497169	
	1.392000	,	-0.587724	
	1.392000	,	-0.566455	
	1.392000	,	-0.589013	
	1.390000	,	-0.594814	
	1.390000	,	-0.589013	
	1.390000	,	-0.555820	
	1.390000	,	-0.541963	
	1.388000	,	-0.524239	
	1.388000	,	-0.499102	
	1.388000	,	-0.463009	
	1.388000	,	-0.409191	
	1.386000	,	-0.379543	
	1.386000	,	-0.370842	
	1.386000	,	-0.304779	
	1.386000	,	-0.335071	
	1.384000	,	-0.299945	
	1.384000	,	-0.320892	
	1.384000	,	-0.243227	
	1.384000	,	-0.241615	
	1.382000	,	-0.257729	
	1.382000	,	-0.230014	
	1.382000	,	-0.187153	
	1.382000	,	-0.215512	
	1.380000	,	-0.156216	
	1.380000	,	-0.180386	
	1.380000	,	-0.173941	
	1.380000	,	-0.178452	
	1.378000	,	-0.134625	
	1.378000	,	-0.154283	
	1.378000	,	-0.137203	
	1.378000	,	-0.119801	
	1.376000	,	-0.115289	
	1.376000	,	-0.112389	
	1.376000	,	-0.119156	
	1.376000	,	-0.092086	
	1.374000	,	-0.082418	
	1.374000	,	-0.077584	
	1.374000	,	-0.043747	
	1.374000	,	-0.088541	
	1.372000	,	-0.069850	
	1.372000	,	-0.023767	
	1.372000	,	-0.082096	
	1.372000	,	-0.068883	
	1.370000	,	-0.003464	
	1.370000	,	-0.044391	
	1.370000	,	-0.051803	
	1.370000	,	-0.054704	
	1.368000	,	-0.067594	
	1.368000	,	-0.036657	
	1.368000	,	-0.049870	
	1.368000	,	0.038752	
	1.366000	,	-0.142681	
	1.366000	,	-0.062116	
	1.366000	,	-0.018288	
	1.366000	,	-0.063082	
	1.364000	,	-0.085963	
	1.364000	,	-0.057926	
	1.364000	,	-0.060504	
	1.364000	,	0.150255	
	1.362000	,	-0.037946	
	1.362000	,	-0.058571	
	1.362000	,	0.001370	
	1.362000	,	-0.068239	
	1.360000	,	0.040041	
	1.360000	,	-0.094986	
	1.360000	,	-0.025378	
	1.360000	,	-0.089830	
	1.358000	,	-0.031501	
	1.358000	,	-0.095953	
	1.358000	,	-0.065661	
	1.358000	,	-0.008298	
	1.356000	,	-0.064372	
	1.356000	,	-0.122379	
	1.356000	,	-0.051159	
	1.356000	,	-0.047292	
	1.354000	,	-0.084352	
	1.354000	,	-0.109488	
	1.354000	,	-0.036657	
	1.354000	,	-0.038913	
	1.352000	,	-0.163950	
	1.352000	,	-0.043424	
	1.352000	,	-0.059538	
	1.352000	,	-0.043102	
	1.350000	,	-0.030856	
	1.350000	,	-0.047292	
	1.350000	,	-0.061149	
	1.350000	,	0.190216	
	1.348000	,	-0.049547	
	1.348000	,	-0.095309	
	1.348000	,	-0.057282	
	1.348000	,	-0.035368	
	1.346000	,	-0.037946	
	1.346000	,	-0.050514	
	1.346000	,	-0.026989	
	1.346000	,	-0.019577	
	1.344000	,	-0.036012	
	1.344000	,	-0.043747	
	1.344000	,	-0.065338	
	1.344000	,	-0.047614	
	1.342000	,	0.166046	
	1.342000	,	-0.104977	
	1.342000	,	-0.083707	
	1.342000	,	0.017161	
	1.340000	,	-0.062116	
	1.340000	,	-0.055670	
	1.340000	,	-0.004431	
	1.340000	,	-0.049547	
	1.338000	,	-0.042135	
	1.338000	,	-0.121412	
	1.338000	,	-0.074039	
	1.338000	,	-0.051159	
	1.336000	,	0.018450	
	1.336000	,	-0.048258	
	1.336000	,	-0.035046	
	1.336000	,	-0.122701	
	1.334000	,	-0.059860	
	1.334000	,	-0.066950	
	1.334000	,	-0.046003	
	1.334000	,	-0.038268	
	1.332000	,	-0.058249	

